1 ERBOIUJM.

Legationi G i, 34

vaationibus G v, 21. vi, 2. vii, 43,

Legationis G i, 7, 13. viii, 50 C i, 33.
111, 103

Immitis Gi, 7, 8, 43. 111, 1, 8. ἰν, 13,
22, 23, 27. v, 1, 25, 52. vii, 5, 11,
45, 47, 52. viii, 22. c 1, 33. 111, 9,
12, 15, 90, 97, 101 A 30 Η 18

Legato G 111, 17. ν, 17, 24, 51. vi, 6.
vii, 51, 05. viii, ll C 111, 106 Af

negatorum G iii, 16. vii, 5 C ii,41

Legatos G i, 7, 9, 11, 13, 27, 35, 42,
52. 11, 3, 11, 12, 15, 20, 28, 31. 111,
9, 21, 23, 28. iv, 11,10, 27. v, 1, 3,
0, 20, 22, 24, 28, 37, 41. vi, 1, 4, 5,
6, 32. vii, 43, 55. viii, 4. 46, 48 C
1, 20, 30, 32, 34, 00, 04. 11, 12. 111,
12, 17, 19, 80 Α 2, 23, 37, 70, 77,
92 H 2, 22. 34, 37

Legatum G i, 10, 12. 11, 2, 5, 11. 111,
11. iv, 22, 38. v, 37, 45. vii, 11,
40, 49, 87. viii, 14, 24, 39 C 1, 26,
30, 37, 74. 11, 24. 111, 42 Α 52, 57
Af26, 28 H 22, 35 F 845, 12

Legatus G ii,9. iii,2o. v,35. viii, 26,
27, 30 c i, 8. 11, 1, 34111, 8, 34,39
Α57 Af4 H 17

Lege Gi, 3. vi, 56 C i, 14. ii, 25. iii,
1, 21, 107

Lege111 G viii, 53 C ii, 21, 25. 111, 20

Legendos C iii, 59

Legent G viii, 1

Legerat Af 28

Leges G vii, 33, 70, 77 e iii, 1 A 05

Legibus G i, 1. ii, 3. vi, 20. vii, 32,
33, 37, 77 C 1, 7 Α 67, 78

Legio G 1, 7, 41. ii, 17, 23. iv, 32. v,
27. vii, 51, 62. viii, 8, 54 C i, 15,
18, 44. 111, 45, 66, 67, 69, 75, 88,
101 Α 9, 4ο, 53, 54, 57, 76 Af 1, 2
Η 30, 31, 34

Legionarins G vi, 34

Legionarias C i, 73

Legionarii G v, 19 C i, 78. iii, 63 A
29 Af0, 19, 35, 75

Legionamis G ii, 27. 111, 11 C ii, 8
Α 63 Af 15, 59 H 10, 24, 25

Legionano Af 72

Legionariorum G i, 51 C iii, 2 Α 21

Ῑιεςίοιιῐιιίος G i, 42. vii, 20 Α 60 Af
14, 16, 18, 5ο, 52, 69, 70

Legionmrium Af 70

Legione G i, 40. 11, 34. iii, 1, 7. iv,
32. v, 25, 44, 46, 52, 53. vi, 7. vii,
49. viii. 24 C i, 8, 30, 64. ii, 20.
iii, 10, 22, 28, 34, 35, 62, 91 A 33,
40, 69 Af 1⁰, 16, 35, 78, 81, 89 Η

clxxix

12, 18, 20, 23

Legionem G i, 42. ii, 21, 26. ’.11, 1, 2,
6. v, 24, 29. 38, 39, 40, 47, 52. 11,
32, 35. xii, 42, 45, 50, 02. viii, 2,
6, 11, 24, 36, 51 c i, 45, 51. 11, 20.
111, 16, 67, (19, ⁵⁴9, 102 Α 34, 39,-1⁰.
50, 52, 55, 57, 02, 08, 77 Af 1, 60
Η 12, 36

Legiones G 1, 10, 21, 41, 49. 11, 2, 8,

17, 19, 22, 23, 24, 26. iv, 22, 30, 34,
35, 38. v, 11, 17, 18, 24, 25. vi,:1,
⁵, 7, 39, 44. vii, 2, 0, 9,10,11,17,
24, 27, 34, 30, 40, 51, 53, 59, 61,
67, 70, 90. viii, 4, 6, 8, 9, 14,10‚
17, 19, 24, 26, 28, 29, 32, 33, 40,
54,55 c 1, 6, 8, 9, 11, 14,31,36,
37, 39, 40, 42, 43, 61, 04, 82, 85, 87.
11, 21, 22, 23, 20, 27, 28, 29, 37. 111,
2, 4, 8, 25, 31, 45,40, 50, 00, 75,
78, 80, 88, 97, 98 A 34, 35, 39, 40,
42, 51, 53, 54, 56, 58, 60, 61, 04,
69,77 Af1, 19, 34, 37, 39, 40, 41,
40, 53, 50, 58, 59, 61, 05, 00, 08, 70,
72, 73, 75, 83, 85 Η 34, 42

1.εεὶοηί G iv, 25. v, 27, 53. vi, 32, 33,
46 A 34

Legionibus G 1,10, 12, 21, 52. 11, 8,
11,20, 35. 111, 11, 21. iv, 38. v, 1,
2, 5, 8, 11, 16, 17, 24, 48, 53. vi, 1,
3, 5, 33, 30. vii, 10, 35, 40, 45, 56,
57, 60, 68, 83, 90. 1-111,4,6, 11, 14,
17, 18, 19, 25, 30, 39, 46, 52, 54 c
1, 2, 3, 15, 16, 30, 32, 37, 38, 39,
40, 42, 51, 57, 63, 78, 80, 83, 87. ii,
18,19, 20, 24, 20, 43. 111, 6, 8, 13,
31,33, 34, 36, 51, 88, 101,100 A
42, 44, 49, 58, 65, 66, 73 ΑΥΞ, 10,
33, 35, 37, 38, 48, 51,52, 54, 00,
68, 75, 77, 78, 80, 81, 80 1⁴19 F
841, 3. 858, 5

Legionis G i, 42. 11, 23, 25. 111, 1, 2.
iv, 25. v, 9, 45, 57 vi, 39. vii, 47,
50, 51, 60, 62. viii, 2, 30 C 1,7,12,
18, 43, 45, 40, 83. 11, 23, 28, 40, 63,
66, 67. 111, 52 Α 50, 53. Af45, 47,
54, 62, 84

Legionum G i,24. ii, 26. iv, 38. v,
3, 15, 18, 19, 24, 48. vi, 32, 33, ’40,
vii, 35, 47, 70. viii, 8, 27, 31 C 1,
4, 38, 40, 42, 43, 51, 00. 79, 83. iii,
1, 13,29, 30, 86, 93, 97 Α 22, 61
Af 3, 20, 31, 52, 54, 60, 65, 69, 79,
93 Η 7, 17

Legis Af 87

Legissent Af8

Legumina C iii, 47

Lemanno G i, 2, 8. iii, l

Lemoni G viii, 26

Lemonum G viii, 26

Lemovices G vii, 4, 75

