clxxxviii

1, 35. iii,61,01,110 A31,34 Af

54

Milite G v, 48. vii, 52 Af 72, 61, 85

Militem G V, 52 C ii, 32 Af 16, 47,
54, 79, 71, 34

Milites G i, 10, 25, 39, 42, 51, 52. ii,
20, 21, 23, 25, 26, 33. iii, 5, 14, 15,
19, 22, 24, 29. iv, 14‚37. v, 1‚7, 9,
10, 13, 19, 23, 27, 33, 39, 52. vi, 3,
34, 36, 39, 49. vii, 17, 19, 26, 22,
24, 33, 49, 43, 45, 46,47‚50,51‚
61,68, 33, 33. viii,1,5‚ 41,42 c
i, 6, 7, 12, 13, 15, 16, 13, 20, 21, 22,
23, 27, 28, 32, 41, 45, 46, 54, 64,
67, 63, 69, 72, 74, 76, 77, 39, 35, 37.
11,2,11,12,13,23, 32, 33, 34, 35,
39,42, 44. iii, 4, 6, 19,24,23, 29,
32, 41, 44, 46, 47, 61, 62, 63, 66,
69, 71, 73, 76, 3ο, 32, 34,9ι,92,
93, 94, 95,106,111, 112 Α 4, 10,
13, 20, 22, 24, 29, 39, 31,36, 42,
45,43, 53, 63,75 Afi,11, 12, 19,
20, 24, 26, 31, 32, 35, 39, 42, 44,
47, 52, 70, 72, 73, 75, 77, 31, 32,
35, 36 11 12 F 353,11

Militi G ii, 25 ,ΑΥ-17, 80 H 20

Militia A 56

Militi-m G vi, 14, 18

Militiam G vii, 14

Militibus G i, 3, 16, 42. ii, 25, 27, 33
111, 29. iv, 24, 25, 26, 31. v, 2, 23,
24, 33, 36. vi, 3, 34. vii, 11, 12, 27,
33, 47,53, 53. ’.111,4, 14 c i, 17,
23, 54, 64, 34, 36, 37. 11, 16, 35, 41.
111,4,3, 11, 14, 19, 23, 26, 37, 39,
49, 46, 62, 79, 74, 39, 34, 9ο, 92,
94,97,193,197,119,111, 112 A 9,
19, 19, 25, 31, 34, 44, 43, 52, 53,
60, 61, 69, 76, 77 Af 54, 59, 74, 32,
35, 36, 97 11 12,13

Militis G v, 33. xiii, 37 Af 15, 64

Militum G i, 7, 3, 26, 39, 41, 46, 51.
ii, 11, 29, 26. 111,5,7,1-1, 17, 19.
1ν,23,39,34,35. v, 2, 3,11, 15,
21, 27, 23, 30, 31, 36, 49,43,45,
43, 52. vi, 7, 9, 32, 34,39‚ 4ο. vii,
4, 3, 17,22, 31, 33, 41, 42, 46,47,
52, 53, 62, 65, 72, 73, 39. viii, 33
c 1, 3, 13, 15, 20, 21, 23, 23, 39, 44,
52, 62, 64, 67, 71, 74, 75,76,77,
32. 11, 15, 13, 29, 30, 32, 34, 39, 14.
iii, 2, 6, 10, 13,19,2.1, 29, 31,44,
47, 49, 53, 67, 71, 72, 76,39, 34,
99, 92, 95‚104, 106,110,111 Α 13,
21, 22, 30, 40, 43, 44, 45, 57, 53,
65, 74 Af11, 54, 72, 31,33 Η 11,

Mille G i, 22. iii, 19. vi, 7. vii, 46.
viii, 17, 18 C ii, 21, 35. iii, 64 Α

INDEX

69, 73 Af13, 19. 34, 33, 39, 41, 56,
59, 73, 39, 95 H 29, 31

Miiiia (1 1, 2, 4, 3, 21, 22, 26, 27, 29,
31,43,49, 53. ii, 4, 6, 11,13, 16,
29. iv, 1, 3, 23, 37. 99, 11,13,
27,.16,47,«19, 53. vi, 35. vii, 16,
21, 34, 33, 39, 49, 69, 61, 66, 69,
71, 74, 75, 79, 33, 90. ι·111,4,16, 17,
21 C i, 16, 39. 49, 51, 51,61‚66,
39. 11,13,23,39,49. 111, 2, 4, 26,
36, 33, 4-1, 53, 63, 76, 33, 97,99,
196, 119 A 29, 36, 50, 59, 73 Asi,
3, 6,19, 12, 24, 36, 37, 63, 65, 67,
63, 75, 76, 77, 73, 79 11 7, ²1,-21,
26, 29, 31, 32, 31, ›ss

Milliariuin H 32

Miliibns G i, 15, 23, 25, 41, 48. ii, 7,
23, 33. 111, 6. iv, 10, 11, 22. v, 3,
19, 24, 32. vi, 7, 29, 35, 36. vii,37,
63, 76, 77. viii, 3, 20, 26, 29, 30,
34, 35, 36 C i, 65, 32. 11, 37. iii,
53,193 A 43, 72 Af2, 3, 19, 63,
77, 36, 97 11 39 F 353, 6

Millies Ai'sso

Muluium G i, 15, 29, 41. 11, 30,33. iii,
17, 26. iv, 12‚14, 15. v,2,5‚ 13,
14,-12, 49. vii, 3, 28, 69 C 1, 1⁸,
43, 64. 11, 21, 33,41. 111, 37, 53,31,
39 Af20, 23‚70, 75

Milo C iii, 22

Milonem C iii, 21

minabantur C ii, 13

Minatius H 19

Minervae C iii, 105

Minervam G vi, 17 C iii, 1073

Minima G i, 8

Minimam C i, 70

Minime G i, l ct alia

Minimi A 49

Minium (1¹ 11,-12

Minimum G i, 20. iii, 19. viii, 52

Minis C i, 2 Af 91

Minor (i v, 13 (J i, 52. 111,53, 112

Minoia G i, 50. vii, 36, 44, 45 C i,
56. ii, 31. iii,66, 67 A 17, 13

Minore G ν, 50. vii, 73 C ii, 4. iii,
13 A 36, 64

Minorem G i,-10, 53. v, 55 C ii, 17.
111,44 A 4, 33, 34, 35

Minores G v, 13 C iii, 100 Α 13

Minori Α 30, 33

Minoribus (2 i, 51. xvii, 16, Δ19, 51 (ἶ
11, 6. 111, 23, 192

Minoi-is A 67

Minoi-nui A 14

,111191111ςί, 72

Minui-ium G vii, {10

Minucius C iii, 7

Minncbant A 45

