clxxxii

111, 1,6‚ 7, 20,21, 28. iv, 1, 4, 7,
20, 22, 23, 21,27, 29. ν, 7, 19, 22.
vi, 17, 25, 35, 43. vii, 1, 9, 25, 28,
45, 55, 61, 67, 69, 72,73, 79, 84,
86, 88. mii, 3, 10, 12,13, 28, 34,
36, 40, 43,41, 48,51 c 1,7,25,43,
11, 46, 48, 61, 64, 65, 68, 79. 11, 5,
9, 15, 41141. iii, 3, 24,36, 41, 42,
41, 46, 52, 58, 84, 85, 98, 101,102,
109 Α 2, 6, 12, 17, 25, 35, 36,42,
44, 46, 61, 72 Af50, 60, 65,73 11

Loco G 1,15, 25, 26, 27, 42, 49, 53.
11, 8, 9, 10, 15, 18, 23, 25, 26, 33.
111,(1,14,15,17, 25. iv, 1, 22, 23,
33,34. v, 5,7,8, 9, 18,21.25, 32,
33, 34, 43, 44, 45, 49, 50, 51. vi, 6,
8, 13, 19, 22, 25, 27, 29, 30, 37, 40.
111, 10, 17, 18, 19, 20, 33, 35, 36,
59, 44, 45, 48, 49, 50, 51, 53,55,
62, 67, 69, 77, 79, 83. viii, 5,7, 9,
14, 15,16, 17,26, 27, 33, 41, 42
c i, 27, 31, 33, 41, 44, 45, 47, 67,
70, 71, 72, 74, 79, 81, 84, 85, 86.
ii,6, 25,31,33, 34, 35,39, 41. 111,
17, 21, 30, 36, 37, 38,40, 42, 44,
45, 46, 50, 51, 52, 61, 63, 65,66‚
67, 74, 76, 85, 88, 92, 93, 94, 97,
102 Α 8,18, 19, 21,27, 28, 36,.38,
52, 59, 60, 72, 74, 76 Af 6, 31,32,
36, 38, 39, 40, 41,42, 49, 61, 66,
67, 69, 71, 73, 78, 80 H 10, 12,
14, 23, 24, 25, 26, 29, 30, 31, 38

Locorum G iii, 9. vii, ⁸3. viii, 19,27,
39,41,51,52 ο1,17,31, 41. iii,
61 A8,10‚27,31,60,61,74 Af7,
21, 28, 50

Locum G i, 7, 18, 20, 24, 28, 30, 34,
49. 11,2, 5, 10, 11, 16, 17, 23, 25,
27, 29. iii, 1, 16. jv, 19, 23. v,1,9,
11, 21, 25, 35,43, 44, 50, 52. ν1, 9,
10,11, 12, 17, 29, 32, 35, 40, 42,
43, 44. vii, 9,16, 28, 37,44, 53, 57,
60, 62, 69, 80, 85. viii, 1, 6, 7, 11,
16,17‚ 18, 20, 27, 40, 42, 54 (’ 1,
40, 43, 44, 45, 46, 47, 50, 61, 67,
71,81‚ 83,81. ii, 9, 23, 41. 111, 6,
23, 28, 30, 44, 45, 46, 56, 65, 66,
73,81,95, 106,112 Α 10, 15, 18,
19, 20, 31, 38, 48, 52, 61,69, 72,
73, 74, 76 ..113,8, 18, 27, 31, 39,
50, 79, 80, 81 H 3, 5, 14, 24, 25,
29, 30. 31, 37, 38, 39

Locupletes C iii, 59

Locupletibns A 49

Locupletiores A 2

Loc=wlrti<si111as C iii, 31

Locnplotinm A 29

Locupletnm C iii, 110

Locus G 1, 15, 31, 40, 43, 49. 111, 19.

INDEX

v, 35. vi, 34, 37. vii, 25, 36, 81 C
1,45, 58, 79,.84. 11,11, 16,2·.1, 24.
111, 67 Α ““·’, 36 Asai, 58 Η 29,
31, 41

1206111101, 27. 11, 31

12000108 C ii, 21

1206111118 C iii, 19, 98

Locutus esset Η 18

Locutus est G i, 31. v, 27 Af 46

Longa G iv, 21 C iii, 69 711'51

Longa* G vii, 73 (1 ii, 19 Af 1, 7

Longam C ii, l A 13

Longarum G iv, 22, 26. v, 8 C 11, 2.·1.
111, 39, 42

Longas G iii, 9. ἰν, 25, 29. v, 2 C 1,
30, 36, 56. 11, 18. 111,7, 40,62, 111
Α 44 Af2 Η 37

Longe. G 1, 2 ct alia

Longi A 9

Longino Α 53

Longinqna G i, 47. v, 29

Longinqnnni C iii, 80

Longinqniores C 1, 52, 60

Longinqnioribns G iv, 27. vii, 17 C
1, 29

Longinquis G vii, 77

Longinquitatem C i, 29

Longinum C iii, 31, 36, 55 Α 52, 59

Longinus A 48, 49, 50, 61

Longior G v, 37, 52

Longiore G 11, 21. 111, 26 C 1, 59 Af
90

Longiorem G 1, 40 A 71

Longiores C 11, 9

Longioris C iii, 102

Lmigis c 11, 23. 111, 106 A 12, 17, 29,
44 Af 2, 8, 46, 62, 96

Longissime G i, 1 et alia

Longissimo G v, 31

Longitudine G vii, 46 A 29 Af13

Longitudinem G i, 2. ν, 13, 33. 11,
29. ι·11,23,69, 70, 79 C 1,·45. 11, 9.
111,112 Af17,59,78

Longitndo G v, 13

Longius, adj. C ii, 24. iii, 39

Longius, adr. G 1, 22 et alia

Longo, ij. G iv, 10. vii, 45 C 1, 24,
28, 59, 87. ii, 16. iii,9, 58, 8-1, 163

Longum, adj. G vi, 8 C i, 29. 11, 10.
111, 2

Longni'ii C iii, 46

Longini-iis G iii, 14. iv, 17 C 11, 11

Longin-ios G vii, 84

Longus, nom. propr. viri, C ii, 23 Af

Loquatnr G i, 20

Loqnebantur C i, 72. ii, 36

Loqncbatnr C ii, 17

Loquendi G 1, 46

Loqui Gvi, 20 C iii, 15, 19, 19 1³

